5800
300
300
5800
300
5800
600
5800
300
300
5800
300
300
600
5680
5680
5800
300
300
300
600
600
600
600
600
600
5680
5680
5800
5800
5800
5800
5800
5800
300
5800
300
300
300
5680
5680
5680
5680
5680
300
300
300
300
5680
5680
600
5680
5800
5800
300
300
5680
300
300
300
300
5680
5680
5680
5800
300
300
5680
5680
5680
300
300
300
300
300
300
300
600
5800
5800
300
300
300
5680
300
600
5800
300
300
5800
5680
300
5680
300
5800
5800
300
5800
5800
300
300
300
5800
5800
5800
300
600
5680
300
5800
5800
600
5680
5800
5800
300
5800
300
300
600
300
600
300
300
300
600
5800
5800
5680
5680
5800
5680
5800
5800
5800
5800
300
600
5680
5680
300
300
300
5680
300
300
5680
5680
300
300
300
300
5680
5680
5680
5680
5800
600
5680
5800
600
5680
5800
5800
300
5680
300
300
300
5800
5800
300
5680
5680
5800
300
300
300
5680
5680
5680
5680
5680
5680
5680
300
300
300
300
5680
5680
5680
5800
5680
300
300
300
300
5680
300
5800
5800
300
5800
5680
300
300
300
300
5680
5680
300
5680
5680
300
300
300
300
5680
5680
5680
300
5800
300
5800
5800
300
5680
300
300
300
5680
5680
5680
5800
300
300
5800
5800
5800
ZXA10
600
600
600
600
600
600
5800
5800
5800
5800
5680
300
5680
300
300
5680
5680
5680
600
5680
5680
300
300
300
5680
5800
5680
5800
300
5800
5800
5800
300
300
300
5680
5800
5800
5680
5800
300
300
300
300
5680
5680
5680
300
5680
5680
300
300
300
300
5680
5800
5800
300
